14
-1.4999631720164253 0.24998158600821258
0.24998158600821258 -1.4999631720164253 0.24998158600821258
0.24998158600821258 -1.4999631720164253 0.24998158600821258
0.24998158600821258 -1.4999631720164253 0.24998158600821258
0.24998158600821258 -1.4999631720164253 0.24998158600821258
0.24998158600821258 -1.4999631720164253 0.24998158600821258
0.24998158600821258 -1.4999631720164253 0.24998158600821258
0.24998158600821258 -1.4999631720164253 0.24998158600821258
0.24998158600821258 -1.4999631720164253 0.24998158600821258
0.24998158600821258 -1.4999631720164253 0.24998158600821258
0.24998158600821258 -1.4999631720164253 0.24998158600821258
0.24998158600821258 -1.4999631720164253 0.24998158600821258
0.24998158600821258 -1.4999631720164253 0.24998158600821258
0.24998158600821258 -1.2499815860082126
0.006624588042984547 0.004988582120802015 0.004694786216279426 0.004373430936069526 0.004025272642970795 0.0036510410075210197 0.0032514539135747654 0.0028272303282954863 0.002379101402886299 0.0019078201229993067 0.0014141698745963375 8.989723317298844E-4 3.6309510692836494E-4 -3.3606608039033923E-4 