11
17.181818181818187 6.818181818181817
-5.9230769230769225 -0.4615384615384617 7.9230769230769225
-6.2727272727272725 -0.18181818181818188 8.272727272727273
-6.777777777777778 0.22222222222222232 8.777777777777779
-7.571428571428571 0.8571428571428572 9.571428571428571
-9.0 2.0 11.0
-12.33333333333334 4.6666666666666705 14.33333333333334
-29.000000000000036 18.00000000000003 31.000000000000036
20.999999999999975 -21.999999999999982 -18.999999999999975
4.333333333333332 -8.666666666666666 -2.3333333333333317
-5.0 5.4
-9.0 0 0 0 0 0 0 0 0 0 1.0 