14
-1.9999263440328503 0.49996317201642515
0.49996317201642515 -1.9999263440328503 0.49996317201642515
0.49996317201642515 -1.9999263440328503 0.49996317201642515
0.49996317201642515 -1.9999263440328503 0.49996317201642515
0.49996317201642515 -1.9999263440328503 0.49996317201642515
0.49996317201642515 -1.9999263440328503 0.49996317201642515
0.49996317201642515 -1.9999263440328503 0.49996317201642515
0.49996317201642515 -1.9999263440328503 0.49996317201642515
0.49996317201642515 -1.9999263440328503 0.49996317201642515
0.49996317201642515 -1.9999263440328503 0.49996317201642515
0.49996317201642515 -1.9999263440328503 0.49996317201642515
0.49996317201642515 -1.9999263440328503 0.49996317201642515
0.49996317201642515 -1.9999263440328503 0.49996317201642515
0.33330878134428343 -1.3333087813442834
0.007450382131804044 0.0039381856560578585 0.0031714312978040264 0.002410605302340235 0.001657145842853338 9.123817145603708E-4 1.7760735927613465E-4 -5.458449589515104E-4 -0.0012565357870864173 -0.0019528518722581427 -0.002632942251564549 -0.0032946569954382015 -0.0039354885759498096 -0.004743883476840229
