14
-1.4999631720164253 0.24998158600821258
0.24998158600821258 -1.4999631720164253 0.24998158600821258
0.24998158600821258 -1.4999631720164253 0.24998158600821258
0.24998158600821258 -1.4999631720164253 0.24998158600821258
0.24998158600821258 -1.4999631720164253 0.24998158600821258
0.24998158600821258 -1.4999631720164253 0.24998158600821258
0.24998158600821258 -1.4999631720164253 0.24998158600821258
0.24998158600821258 -1.4999631720164253 0.24998158600821258
0.24998158600821258 -1.4999631720164253 0.24998158600821258
0.24998158600821258 -1.4999631720164253 0.24998158600821258
0.24998158600821258 -1.4999631720164253 0.24998158600821258
0.24998158600821258 -1.4999631720164253 0.24998158600821258
0.24998158600821258 -1.4999631720164253 0.24998158600821258
0.16665439067214172 -1.1666543906721416
0.006271713590749762 0.004285384571831624 0.003646406900266075 0.0029876781286075375 0.0023127363538306056 0.001625244768137567 9.290424503794349E-4 2.2819169252564228E-4 -4.7297821317813724E-4 -0.0011698307773145853 -0.0018573857442623467 -0.0025302861854037345 -0.0031827692958562837 -0.003904324761427084 