21
32.07692307692308 11.538461538461538
-12.571428571428571 -0.5714285714285714 14.571428571428571
-12.846153846153845 -0.4615384615384617 14.846153846153845
-13.166666666666666 -0.33333333333333326 15.166666666666666
-13.545454545454545 -0.18181818181818188 15.545454545454545
-14.0 0.0 16.0
-14.555555555555555 0.22222222222222232 16.555555555555557
-15.25 0.5000000000000004 17.25
-16.142857142857142 0.8571428571428572 18.142857142857142
-17.333333333333332 1.333333333333333 19.333333333333332
-19.0 2.0 21.0
-21.500000000000004 3.000000000000001 23.500000000000004
-25.66666666666668 4.6666666666666705 27.66666666666668
-34.0 8.000000000000002 36.0
-59.00000000000007 18.00000000000003 61.00000000000007
Infinity -Infinity -Infinity
40.99999999999995 -21.999999999999982 -38.99999999999995
15.999999999999977 -11.999999999999991 -13.999999999999977
7.666666666666663 -8.666666666666666 -5.666666666666663
3.4999999999999956 -6.999999999999998 -1.4999999999999956
-10.0 10.2
-9.0 0 0 0 0 0 0 0 0 0 0 0 0 0 0 0 0 0 0 0 1.0 